10
0 800 409 107 542 228 669 275 158 406 
800 0 504 724 285 815 206 830 879 862 
409 504 0 304 221 554 475 593 549 695 
107 724 304 0 454 305 612 352 260 477 
542 285 221 454 0 610 271 637 647 706 
228 815 554 305 610 0 640 47 119 177 
669 206 475 612 271 640 0 649 719 667 
275 830 593 352 637 47 649 0 156 131 
158 879 549 260 647 119 719 156 0 281 
406 862 695 477 706 177 667 131 281 0 
