10
0 449 524 660 547 748 426 168 1010 763 
449 0 431 222 484 347 479 529 619 384 
524 431 0 466 872 748 153 456 1004 794 
660 222 466 0 651 316 572 714 546 371 
547 484 872 651 0 477 860 712 640 448 
748 347 748 316 477 0 821 859 272 56 
426 479 153 572 860 821 0 324 1088 861 
168 529 456 714 712 859 324 0 1129 883 
1010 619 1004 546 640 272 1088 1129 0 246 
763 384 794 371 448 56 861 883 246 0 
