10
0 898 198 639 591 854 199 153 434 988 
898 0 921 1169 1193 290 707 799 468 803 
198 921 0 443 401 812 314 139 460 845 
639 1169 443 0 89 962 737 557 785 728 
591 1193 401 89 0 1002 709 527 786 804 
854 290 812 962 1002 0 696 721 442 513 
199 707 314 737 709 696 0 181 256 920 
153 799 139 557 527 721 181 0 332 834 
434 468 460 785 786 442 256 332 0 743 
988 803 845 728 804 513 920 834 743 0 
