10
0 169 486 791 333 820 373 236 938 601 
169 0 421 655 257 763 287 67 768 503 
486 421 0 407 666 341 688 422 797 148 
791 655 407 0 814 447 816 612 510 263 
333 257 666 814 0 1004 40 244 761 723 
820 763 341 447 1004 0 1022 760 951 301 
373 287 688 816 40 1022 0 266 738 737 
236 67 422 612 244 760 266 0 701 485 
938 768 797 510 761 951 738 701 0 699 
601 503 148 263 723 301 737 485 699 0 
