10
0 1060 414 864 235 544 485 734 646 712 
1060 0 803 223 872 538 713 392 517 357 
414 803 0 581 186 450 560 416 296 530 
864 223 581 0 662 385 588 169 294 221 
235 872 186 662 0 412 450 517 418 548 
544 538 450 385 412 0 209 342 355 181 
485 713 560 588 450 209 0 550 548 370 
734 392 416 169 517 342 550 0 124 248 
646 517 296 294 418 355 548 124 0 323 
712 357 530 221 548 181 370 248 323 0 
