10
0 541 451 635 119 681 315 350 463 622 
541 0 299 273 615 259 265 647 306 218 
451 299 0 557 563 260 363 392 512 508 
635 273 557 0 663 516 324 848 193 58 
119 615 563 663 0 780 362 454 476 660 
681 259 260 516 780 0 485 648 564 458 
315 265 363 324 362 485 0 544 179 307 
350 647 392 848 454 648 544 0 723 814 
463 306 512 193 476 564 179 723 0 208 
622 218 508 58 660 458 307 814 208 0 
