10
0 695 153 816 556 468 554 438 442 634 
695 0 742 736 659 991 848 867 333 155 
153 742 0 714 449 321 411 286 440 651 
816 736 714 0 265 692 409 554 520 582 
556 659 449 265 0 464 214 318 357 509 
468 991 321 692 464 0 284 146 660 870 
554 848 411 409 214 284 0 158 523 704 
438 867 286 554 318 146 158 0 534 738 
442 333 440 520 357 660 523 534 0 213 
634 155 651 582 509 870 704 738 213 0 
