10
0 450 280 787 485 453 223 620 111 476 
450 0 729 988 68 802 644 399 527 667 
280 729 0 744 760 338 140 837 240 513 
787 988 744 0 962 407 635 743 862 330 
485 68 760 962 0 804 665 338 570 648 
453 802 338 407 804 0 251 735 496 264 
223 644 140 635 665 251 0 706 246 378 
620 399 837 743 338 735 706 0 730 498 
111 527 240 862 570 496 246 730 0 565 
476 667 513 330 648 264 378 498 565 0 
