10
0 444 550 487 234 128 637 118 753 265 
444 0 810 44 441 572 510 327 444 218 
550 810 0 850 381 531 562 608 824 748 
487 44 850 0 484 615 527 370 436 254 
234 441 381 484 0 303 426 242 600 369 
128 572 531 615 303 0 727 245 868 385 
637 510 562 527 426 727 0 583 275 617 
118 327 608 370 242 245 583 0 663 155 
753 444 824 436 600 868 275 663 0 630 
265 218 748 254 369 385 617 155 630 0 
