10
0 352 634 188 631 612 586 696 655 681 
352 0 297 536 301 631 491 550 494 935 
634 297 0 822 25 669 470 456 403 1108 
188 536 822 0 820 723 739 857 821 639 
631 301 25 820 0 647 446 431 378 1092 
612 631 669 723 647 0 208 297 315 549 
586 491 470 739 446 208 0 125 116 729 
696 550 456 857 431 297 125 0 57 840 
655 494 403 821 378 315 116 57 0 845 
681 935 1108 639 1092 549 729 840 845 0 
