10
0 303 492 739 579 213 389 1069 729 530 
303 0 476 888 538 369 543 1054 497 606 
492 476 0 486 88 301 273 590 450 181 
739 888 486 0 501 544 356 573 922 306 
579 538 88 501 0 390 346 516 421 216 
213 369 301 544 390 0 188 860 641 317 
389 543 273 356 346 188 0 729 705 177 
1069 1054 590 573 516 860 729 0 785 554 
729 497 450 922 421 641 705 785 0 628 
530 606 181 306 216 317 177 554 628 0 
