10
0 753 495 773 875 848 822 751 277 420 
753 0 309 353 126 107 638 121 482 446 
495 309 0 530 435 379 748 369 222 138 
773 353 530 0 359 431 292 233 573 650 
875 126 435 359 0 97 651 156 606 571 
848 107 379 431 97 0 722 203 572 510 
822 638 748 292 651 722 0 521 711 843 
751 121 369 233 156 203 521 0 496 505 
277 482 222 573 606 572 711 496 0 189 
420 446 138 650 571 510 843 505 189 0 
