10
0 523 435 1042 1000 602 206 1033 900 929 
523 0 369 525 508 112 513 509 464 683 
435 369 0 748 659 481 567 783 832 1030 
1042 525 748 0 148 483 1034 115 507 880 
1000 508 659 148 0 499 1020 255 611 975 
602 112 481 483 499 0 556 445 352 589 
206 513 567 1034 1020 556 0 1002 792 755 
1033 509 783 115 255 445 1002 0 403 778 
900 464 832 507 611 352 792 403 0 374 
929 683 1030 880 975 589 755 778 374 0 
