20
0 288 272 300 358 282 479 467 194 41 116 314 212 166 175 267 491 309 639 552 
288 0 561 446 642 113 714 755 211 296 179 276 76 247 311 549 203 594 745 667 
272 561 0 377 117 543 340 195 428 270 386 520 484 384 346 83 763 79 646 568 
300 446 377 0 368 508 700 534 473 340 309 597 394 458 475 303 599 342 928 842 
358 642 117 368 0 638 424 167 531 366 463 631 566 490 458 92 840 49 754 679 
282 113 543 508 638 0 642 730 131 273 203 164 116 176 238 548 268 589 639 562 
479 714 340 700 424 642 0 330 512 447 583 530 646 469 405 424 907 409 371 319 
467 755 195 534 167 730 330 0 609 461 581 686 679 563 516 237 958 193 695 631 
194 211 428 473 531 131 512 609 0 170 173 124 160 46 107 446 395 483 545 463 
41 296 270 340 366 273 447 461 170 0 136 284 220 135 135 278 499 317 597 511 
116 179 386 309 463 203 583 581 173 136 0 294 105 174 219 370 378 415 696 611 
314 276 520 597 631 164 530 686 124 284 294 0 254 148 173 551 417 583 476 402 
212 76 484 394 566 116 646 679 160 220 105 254 0 187 249 474 280 518 705 623 
166 247 384 458 490 176 469 563 46 135 174 148 187 0 63 406 438 442 525 441 
175 311 346 475 458 238 405 516 107 135 219 173 249 63 0 380 502 411 477 392 
267 549 83 303 92 548 424 237 446 278 370 551 474 406 380 0 747 46 722 642 
491 203 763 599 840 268 907 958 395 499 378 417 280 438 502 747 0 793 890 819 
309 594 79 342 49 589 409 193 483 317 415 583 518 442 411 46 793 0 724 647 
639 745 646 928 754 639 371 695 545 597 696 476 705 525 477 722 890 724 0 86 
552 667 568 842 679 562 319 631 463 511 611 402 623 441 392 642 819 647 86 0 
