190
0 421 517 391 527 1054 749 505 281 750 601 255 742 494 740 213 209 693 571 117 768 386 759 677 344 467 640 924 783 787 303 422 704 293 809 725 628 527 863 410 751 628 527 666 276 376 145 662 651 750 735 288 593 165 758 563 800 244 561 378 475 270 197 703 577 787 179 602 617 620 719 294 686 470 478 561 528 754 602 308 497 717 658 265 280 800 670 446 243 205 191 163 383 538 150 358 525 591 659 714 272 250 595 1021 443 944 328 308 570 219 462 631 697 247 413 412 348 732 656 578 1016 517 534 315 633 773 276 116 490 384 122 291 531 358 648 616 504 540 763 408 770 743 198 271 446 713 318 539 748 610 139 618 638 931 373 740 34 803 265 304 652 746 939 699 702 371 237 53 221 320 252 852 58 194 343 775 285 241 225 863 927 45 398 866 189 701 213 708 197 421 
421 0 252 548 175 751 535 575 649 414 195 179 644 272 318 210 620 358 176 491 615 687 619 332 177 240 314 696 411 497 390 141 283 366 443 838 763 476 503 686 592 302 219 729 676 679 560 632 325 474 505 220 642 464 378 189 763 438 143 111 131 652 536 715 791 829 555 766 278 229 315 554 264 570 553 141 342 899 324 191 153 344 355 286 671 404 552 96 494 427 546 422 695 606 305 681 127 678 337 805 202 485 180 741 227 710 93 254 245 354 520 688 308 188 191 653 495 311 351 221 693 159 590 308 613 359 506 346 370 499 515 206 256 377 713 457 710 389 475 594 819 590 276 536 244 780 469 546 756 813 354 734 239 598 257 709 401 402 592 118 257 388 611 591 306 50 516 441 293 208 614 722 452 513 637 687 374 511 405 533 648 379 633 590 508 518 484 346 618 264 
517 252 0 438 409 543 284 409 648 621 211 283 399 45 376 361 668 571 376 621 362 631 368 542 415 52 128 452 286 276 314 123 335 298 304 654 597 271 353 615 339 528 462 533 794 626 661 409 547 243 257 439 451 624 270 141 527 399 242 358 124 664 687 499 665 616 688 615 119 419 278 505 338 422 395 296 104 725 86 210 394 530 141 499 688 328 307 347 461 412 559 431 646 432 464 641 181 500 560 614 247 446 340 518 479 468 274 216 478 548 362 495 234 287 443 566 400 388 139 442 500 120 412 237 396 347 456 495 161 382 562 425 503 263 520 209 591 155 251 488 610 339 458 495 496 581 387 353 535 678 393 563 213 414 500 479 513 340 574 284 435 241 421 347 249 268 490 510 489 196 617 470 520 514 587 443 311 482 378 345 423 473 547 362 510 265 467 540 690 515 
391 548 438 0 718 851 518 131 296 961 631 398 420 393 800 445 385 904 723 500 480 212 463 879 598 394 556 669 714 618 158 440 758 183 723 337 243 242 761 184 472 843 748 277 595 210 472 312 867 576 522 572 213 556 704 564 434 152 633 587 497 325 581 326 242 398 547 228 556 776 716 132 755 88 110 668 369 377 486 356 691 892 543 589 350 765 381 628 152 189 263 229 232 157 479 237 573 201 879 323 353 143 715 798 705 690 482 294 783 579 118 244 673 391 664 129 54 807 544 767 841 526 162 241 283 785 119 472 298 56 326 565 773 181 259 383 162 340 598 49 380 462 513 144 715 322 86 199 369 265 283 228 645 781 668 378 416 778 219 466 802 665 780 393 688 518 171 343 551 340 279 533 344 224 182 440 176 163 182 720 719 375 113 665 226 457 183 894 440 708 
527 175 409 718 0 844 678 750 785 243 264 328 808 437 287 321 736 186 72 565 769 841 777 162 190 407 434 826 478 614 559 312 270 535 514 1013 937 650 571 845 746 127 59 904 744 832 648 804 150 600 645 252 817 516 443 301 932 597 197 149 284 783 588 888 960 1003 621 939 396 101 354 711 243 744 728 141 507 1074 465 361 29 190 480 307 799 443 716 90 649 581 682 568 847 782 384 830 237 853 162 981 365 641 129 847 138 838 238 425 70 386 695 863 372 336 136 816 664 266 476 52 777 294 765 480 786 367 665 426 542 671 637 244 103 550 888 618 878 557 595 762 994 746 340 690 152 955 636 721 929 983 495 908 306 681 217 879 499 433 737 258 132 472 698 755 361 200 667 560 337 380 751 877 570 656 791 852 542 663 563 623 758 491 797 707 650 671 634 185 721 191 
1054 751 543 851 844 0 333 748 1129 959 581 826 487 560 615 902 1179 933 780 1161 396 1064 420 906 929 590 439 215 369 267 797 659 603 792 334 865 870 609 282 1032 395 921 904 752 1330 1062 1195 601 931 304 332 966 720 1167 404 563 595 887 649 862 629 1152 1230 669 996 746 1229 913 473 793 499 964 629 786 754 702 530 942 456 753 846 859 406 1030 1178 425 480 824 942 912 1058 942 1084 746 1007 1088 629 779 942 817 789 926 722 70 961 197 805 746 897 1086 735 737 472 830 934 974 840 642 409 850 79 593 727 747 618 518 924 1038 582 804 1080 951 947 733 752 470 951 531 291 892 756 406 997 964 978 772 844 665 670 991 921 833 538 166 1007 599 1053 442 1049 819 787 372 147 484 486 785 972 1040 1026 736 1103 418 1048 1010 1032 500 803 963 879 221 132 1011 961 191 1008 394 958 880 1211 1007 
749 535 284 518 678 333 0 418 798 862 432 550 205 279 552 631 854 820 632 862 118 731 138 790 700 314 253 175 329 140 472 407 521 470 314 573 559 275 317 699 100 786 735 451 1020 729 884 294 803 113 34 721 401 880 345 378 343 561 488 642 404 822 937 378 675 479 928 597 288 665 421 632 537 454 422 547 225 652 213 469 668 764 205 778 848 404 158 626 613 589 731 622 750 420 729 755 440 462 815 526 504 597 584 283 762 195 557 445 744 821 402 427 372 552 726 642 507 574 209 703 328 385 400 434 304 478 593 753 261 471 760 707 777 408 446 139 623 210 136 559 483 108 730 633 779 482 513 336 394 674 611 521 405 286 785 321 754 425 718 564 673 288 279 176 393 552 643 728 764 448 773 215 735 683 699 238 481 633 556 243 200 709 628 149 682 61 631 779 891 798 
505 575 409 131 750 748 418 0 426 989 617 456 293 364 785 517 517 934 744 618 362 326 343 907 660 376 508 554 659 534 222 448 744 243 663 263 190 155 692 289 357 878 789 167 724 326 598 181 901 493 428 644 88 669 655 547 303 261 634 636 496 455 699 199 266 286 670 206 517 794 685 263 745 44 27 677 318 324 434 394 727 910 485 672 481 719 268 665 278 300 394 342 347 34 571 358 571 103 913 234 403 266 725 690 761 575 527 331 819 674 55 128 637 451 719 231 159 795 487 796 746 516 31 278 153 754 247 571 249 121 453 635 820 203 149 295 206 276 517 154 270 346 599 275 774 218 187 82 243 273 381 158 623 695 737 247 527 734 350 516 817 609 691 273 654 555 301 461 638 373 410 406 463 353 305 311 243 292 282 640 617 482 221 567 354 356 308 916 570 773 
281 649 648 296 785 1129 798 426 0 1019 795 469 716 610 955 464 123 961 817 333 773 144 757 943 614 596 777 958 935 879 339 596 915 351 952 556 462 527 998 185 763 896 794 545 344 136 260 607 920 837 796 563 500 411 917 741 723 250 774 636 657 32 398 610 361 658 348 419 766 869 903 167 903 381 406 789 612 560 718 480 755 975 778 546 55 970 672 697 190 238 102 230 129 447 429 102 724 470 929 563 455 205 829 1081 719 979 558 441 836 498 412 521 870 460 685 222 292 953 778 837 1110 696 456 411 579 966 205 397 550 331 159 564 804 400 529 659 312 600 857 275 638 753 476 165 723 579 284 495 649 396 294 468 824 1039 653 669 315 979 80 535 900 890 1041 688 880 603 159 234 502 478 34 830 225 138 129 736 339 168 270 974 996 303 220 939 143 739 181 970 187 700 
750 414 621 961 243 959 862 989 1019 0 430 570 1017 656 344 556 959 58 247 767 966 1082 977 82 406 630 609 988 594 770 803 543 358 778 628 1250 1177 879 677 1087 943 122 224 1138 934 1073 856 1028 98 767 828 462 1051 706 562 490 1148 840 380 386 504 1014 773 1115 1203 1232 814 1180 574 201 466 953 335 985 967 324 724 1313 658 604 271 101 657 500 1028 534 927 333 891 823 917 807 1088 1019 600 1069 439 1091 90 1216 609 884 281 978 309 995 481 668 183 573 934 1097 505 579 336 1060 907 317 653 193 883 500 1002 722 1013 441 908 640 768 913 866 458 219 791 1122 828 1122 775 756 1006 1224 945 553 932 310 1188 879 954 1154 1227 735 1147 457 793 389 1099 719 517 976 500 189 608 812 966 487 443 908 788 539 622 985 1073 798 894 1032 1061 785 905 806 749 899 718 1040 857 888 867 875 83 936 345 
601 195 211 631 264 581 432 617 795 430 0 345 591 254 169 397 787 388 206 681 536 806 548 359 365 241 179 567 222 352 487 200 128 466 256 865 807 482 315 796 513 358 324 744 865 799 743 616 373 342 397 414 662 659 187 69 727 558 68 296 139 804 730 708 866 824 747 822 143 234 120 673 127 626 601 123 313 936 229 315 264 333 227 480 826 208 503 246 620 560 696 566 818 642 497 808 75 711 385 825 343 607 153 583 381 577 279 358 323 550 567 706 115 354 356 752 585 178 223 278 516 105 622 400 605 173 623 538 371 575 679 400 367 449 731 405 789 364 334 680 819 515 472 659 397 792 566 564 742 882 508 772 45 420 435 682 585 207 729 302 241 209 436 541 111 242 647 612 489 318 762 642 623 657 758 634 477 640 531 360 494 556 733 444 652 437 618 347 794 429 
255 179 283 398 328 826 550 456 469 570 345 0 602 272 492 81 444 512 350 345 599 513 597 490 204 239 395 724 531 559 243 172 454 218 558 716 631 399 614 517 578 450 352 621 526 505 399 557 474 525 528 193 535 341 504 308 697 269 311 189 220 472 406 626 638 733 413 625 369 403 463 383 439 440 430 320 326 769 370 82 299 513 421 237 492 544 514 237 321 253 366 243 520 490 181 504 271 559 485 690 55 313 360 801 307 742 91 131 389 271 401 580 442 9 266 489 344 487 418 380 780 263 477 179 533 519 337 212 317 358 337 182 375 253 603 436 556 357 535 440 720 573 180 362 319 672 314 449 670 663 174 607 382 691 282 638 242 548 414 70 433 496 700 551 446 134 340 267 215 105 435 698 278 334 463 642 223 336 235 622 706 210 470 645 329 514 307 511 448 316 
742 644 399 420 808 487 205 293 716 1017 591 602 0 372 733 680 797 970 775 859 94 619 70 941 785 404 424 277 528 345 440 503 698 449 516 380 383 215 522 580 105 927 860 264 991 620 859 119 947 316 234 792 241 894 540 527 141 514 636 739 523 744 939 183 514 275 919 428 453 816 607 550 710 337 309 693 302 458 362 521 792 923 381 839 770 603 92 741 551 550 672 590 640 280 763 651 580 297 960 332 548 536 736 422 866 298 637 474 878 864 305 251 556 601 827 523 430 752 384 842 506 519 266 441 142 669 523 777 285 389 719 779 899 385 265 190 480 255 340 447 280 96 777 558 882 287 449 221 191 506 604 347 575 482 871 117 755 623 638 638 829 485 472 52 577 647 578 708 814 497 697 114 713 627 598 43 456 568 522 446 369 709 514 335 626 164 576 936 845 894 
494 272 45 393 437 560 279 364 610 656 254 272 372 0 421 353 635 605 409 601 344 588 347 576 425 35 167 452 326 293 273 133 380 259 342 611 553 228 388 571 322 559 488 491 770 583 636 371 579 256 256 443 408 610 312 184 495 360 280 372 153 626 670 460 619 577 668 570 163 455 324 463 382 376 349 332 70 681 110 194 420 567 170 499 651 372 279 369 421 375 523 397 604 388 453 599 219 456 592 572 230 406 378 531 497 470 279 187 507 542 316 452 280 275 458 521 356 432 169 473 522 159 367 200 357 393 414 481 117 337 531 429 527 219 477 184 545 119 269 443 570 319 452 454 513 539 344 309 498 633 364 518 259 440 511 444 492 384 534 285 472 280 446 319 295 280 451 483 485 176 579 450 492 477 545 415 271 443 341 372 436 450 503 375 474 251 429 577 660 529 
740 318 376 800 287 615 552 785 955 344 169 492 733 421 0 528 936 321 214 806 666 972 681 295 451 410 309 656 253 441 655 365 41 633 286 1029 974 646 333 964 644 320 337 906 991 965 878 772 325 446 517 510 827 772 223 237 872 724 181 388 305 961 845 864 1036 980 869 991 283 201 131 839 53 795 770 182 475 1101 376 475 303 244 353 574 982 190 649 321 784 722 854 725 984 809 619 973 232 877 334 988 500 772 163 635 425 662 412 523 314 650 736 869 180 501 417 921 755 27 349 268 539 274 788 568 764 97 789 661 537 745 830 498 376 619 894 555 959 525 430 850 976 648 585 824 439 953 735 729 896 1051 662 939 164 449 499 832 720 173 891 436 184 274 468 686 159 368 810 758 593 481 921 768 769 817 924 774 644 804 694 407 560 697 902 522 812 572 780 265 937 478 
213 210 361 445 321 902 631 517 464 556 397 81 680 353 528 0 418 498 359 283 679 530 677 479 158 319 468 805 596 636 297 244 493 274 625 773 684 474 682 540 659 433 331 684 468 521 350 630 457 604 609 127 599 268 567 369 771 302 352 171 285 461 337 696 676 799 350 673 439 409 517 406 474 496 491 348 407 820 447 163 292 511 496 159 477 602 594 235 343 276 361 254 534 552 105 514 322 619 467 750 132 338 381 880 266 823 118 206 373 190 463 644 501 80 228 520 390 520 493 373 854 326 540 248 605 567 365 142 397 410 316 120 346 319 666 516 595 438 612 481 785 654 99 383 275 735 358 519 740 704 181 663 437 764 223 712 191 603 420 95 441 564 774 629 503 159 356 239 135 185 430 778 250 338 480 720 276 354 268 696 784 173 501 723 332 595 323 506 410 264 
209 620 668 385 736 1179 854 517 123 959 787 444 797 635 936 418 0 902 777 225 845 267 831 887 553 615 797 1022 950 920 382 595 898 387 971 673 577 595 1021 306 832 837 736 651 223 258 142 695 860 879 848 496 597 304 928 741 820 293 755 586 653 94 281 710 483 768 229 537 780 827 901 254 883 473 494 761 650 681 746 476 706 926 805 468 88 976 743 653 247 266 125 238 253 542 358 226 713 575 869 677 444 262 798 1136 652 1043 527 452 780 409 493 624 874 435 622 337 366 931 804 787 1152 695 547 436 666 960 273 320 596 408 107 500 740 446 635 715 430 648 897 376 748 823 406 241 654 688 349 577 751 518 280 580 820 1074 579 764 239 982 172 502 859 908 1079 763 881 571 219 179 425 480 117 911 168 172 245 822 375 229 300 1007 1047 245 331 988 173 799 224 918 63 626 
693 358 571 904 186 933 820 934 961 58 388 512 970 605 321 498 902 0 195 713 922 1024 932 29 349 578 567 952 566 734 745 489 330 721 601 1196 1121 826 651 1029 899 65 166 1084 882 1015 802 977 42 729 786 406 997 654 532 445 1099 782 334 327 452 957 721 1063 1146 1179 762 1124 531 155 436 895 305 929 912 276 674 1258 613 547 213 82 615 446 971 509 879 275 833 765 859 749 1030 964 544 1011 390 1036 36 1162 551 826 236 949 254 960 424 611 125 521 878 1043 471 521 280 1002 850 294 611 137 859 451 947 665 961 418 850 584 716 856 809 402 165 735 1068 780 1064 725 718 948 1171 900 497 874 257 1135 822 900 1102 1169 676 1092 419 767 337 1049 663 494 918 442 149 575 786 918 454 386 850 731 484 566 928 1029 741 836 974 1013 728 847 748 720 868 661 982 823 830 823 817 59 881 293 
571 176 376 723 72 780 632 744 817 247 206 350 775 409 214 359 777 195 0 619 729 862 739 166 248 383 382 773 412 558 566 296 198 542 447 1004 933 632 504 862 706 154 127 891 801 854 699 781 172 547 598 310 805 575 376 253 903 614 143 194 256 817 648 868 966 984 678 939 345 53 285 730 171 742 723 84 478 1068 422 368 90 168 430 369 835 373 683 125 669 602 714 593 870 773 434 854 195 845 184 969 378 660 58 786 210 783 259 429 117 447 689 850 307 359 204 830 671 195 426 72 711 256 755 483 765 295 682 476 521 674 675 299 169 549 875 585 885 529 540 770 976 707 393 711 225 941 645 707 907 988 523 902 244 615 286 854 545 362 764 282 82 410 633 723 294 215 690 599 395 383 783 837 610 684 812 818 550 685 581 560 699 532 810 650 679 630 657 172 767 263 
117 491 621 500 565 1161 862 618 333 767 681 345 859 601 806 283 225 713 619 0 884 461 875 702 374 572 739 1038 876 894 419 517 773 410 903 828 731 644 960 492 867 649 553 777 185 451 92 778 671 858 847 313 706 78 848 651 915 357 634 424 564 312 81 817 666 898 67 700 714 664 801 391 753 581 591 624 639 852 706 410 537 749 761 266 313 885 787 494 348 318 268 276 453 650 187 427 606 701 678 821 373 357 652 1131 458 1057 401 418 597 196 577 742 784 338 437 504 459 795 759 613 1121 607 648 430 749 850 381 144 605 497 190 321 548 474 759 731 598 654 870 512 880 859 225 369 457 822 431 655 862 700 256 723 721 1033 378 856 109 887 343 379 696 841 1042 816 787 441 336 157 230 425 311 969 156 286 424 892 402 342 340 965 1037 154 492 975 282 816 317 738 181 424 
768 615 362 480 769 396 118 362 773 966 536 599 94 344 666 679 845 922 729 884 0 687 24 892 769 379 361 192 447 257 472 478 633 476 432 474 473 250 433 651 23 884 824 357 1028 687 893 205 902 232 152 782 324 911 463 477 227 554 587 716 487 800 962 277 600 368 947 516 393 767 536 606 647 404 374 646 278 552 308 517 757 869 314 834 826 523 101 710 598 587 719 625 708 355 770 717 535 382 914 426 547 583 686 333 841 213 622 480 838 868 362 340 486 599 803 593 482 687 318 799 412 475 338 455 222 595 574 789 284 442 759 769 865 411 356 163 559 241 255 514 374 25 779 611 857 381 495 283 285 594 628 436 514 388 855 212 777 543 694 625 777 406 378 89 507 625 627 739 815 494 752 107 745 672 662 121 485 617 557 355 275 731 583 241 672 99 621 884 889 873 
386 687 631 212 841 1064 731 326 144 1082 806 513 619 588 972 530 267 1024 862 461 687 0 668 1003 688 583 755 878 914 830 320 607 931 340 927 416 324 455 967 44 681 960 860 418 489 10 398 503 984 787 735 645 387 535 901 744 605 250 796 696 667 176 532 491 217 526 485 279 751 915 903 133 923 283 313 821 574 416 689 501 812 1027 747 640 193 960 590 751 193 260 196 275 21 340 521 42 740 347 995 427 484 202 865 1010 796 899 604 448 899 605 329 400 864 505 758 96 235 975 748 893 1054 702 353 405 477 970 183 497 505 263 272 643 876 369 404 596 173 550 809 173 505 670 566 151 803 447 244 404 526 252 348 335 827 992 740 556 420 971 120 583 945 867 992 598 877 647 174 333 597 492 153 730 327 197 50 633 328 177 281 931 932 395 105 878 203 669 207 1025 330 785 
759 619 368 463 777 420 138 343 757 977 548 597 70 347 681 677 831 932 739 875 24 668 0 902 770 382 374 213 467 278 460 481 648 466 452 450 449 236 455 632 38 893 831 333 1017 668 882 181 911 251 171 782 302 905 481 487 205 541 597 719 493 784 954 253 578 345 937 493 406 777 553 589 661 385 355 655 279 528 318 514 763 881 329 833 810 542 89 715 583 575 705 614 689 334 766 699 543 359 924 402 544 568 696 356 845 235 623 475 845 864 345 316 502 597 806 574 466 702 332 808 436 484 318 448 200 613 559 784 280 426 747 769 871 401 332 164 538 240 275 495 350 32 776 595 861 357 481 264 262 571 619 413 527 412 856 188 769 562 678 626 788 425 401 70 523 628 612 728 812 491 736 103 734 659 644 99 475 602 545 377 299 722 563 264 658 110 607 895 876 876 
677 332 542 879 162 906 790 907 943 82 359 490 941 576 295 479 887 29 166 702 892 1003 902 0 333 550 538 922 538 705 721 462 302 696 573 1169 1095 798 624 1007 869 54 150 1056 873 994 789 948 39 699 756 392 970 644 504 415 1070 759 304 307 423 939 713 1035 1121 1151 752 1098 502 125 408 873 277 903 885 247 645 1231 584 522 190 65 586 436 954 483 849 252 811 743 840 728 1009 937 529 991 361 1009 42 1134 527 803 206 921 244 931 400 586 107 511 852 1015 442 498 266 978 826 268 582 111 832 422 920 640 932 392 827 570 688 831 792 387 156 709 1041 751 1040 696 689 924 1143 870 483 852 248 1107 798 872 1074 1145 656 1065 389 740 328 1020 648 467 898 420 120 546 758 889 425 361 828 714 472 540 909 999 724 816 953 984 703 825 726 692 839 644 959 794 810 793 795 43 867 286 
344 177 415 598 190 929 700 660 614 406 365 204 785 425 451 158 553 349 248 374 769 688 770 333 0 390 491 866 585 673 446 293 424 422 619 920 835 594 678 698 747 284 183 825 554 678 459 753 307 648 672 62 738 327 552 366 891 459 302 68 303 608 399 827 833 935 431 827 455 290 480 564 400 644 635 272 491 972 494 272 162 376 530 122 622 571 694 129 501 435 513 412 691 694 196 671 303 763 316 894 257 497 289 918 108 882 147 332 226 199 605 784 480 209 71 678 544 436 526 239 870 335 681 383 730 513 523 237 500 561 460 54 190 457 807 606 752 531 650 637 923 744 151 542 117 876 513 650 870 861 340 811 410 775 86 833 314 567 576 149 322 565 789 733 476 147 514 382 147 296 581 873 392 494 638 827 425 513 425 711 824 312 659 766 488 676 481 366 534 112 
467 240 52 394 407 590 314 376 596 630 241 239 404 35 410 319 615 578 383 572 379 583 382 550 390 0 181 487 338 322 264 99 368 247 356 629 567 249 406 567 357 530 457 511 744 577 610 398 551 287 290 407 427 578 321 172 524 347 259 337 126 611 640 485 626 601 639 581 169 430 322 454 368 385 360 308 102 697 135 163 389 544 192 464 635 377 311 336 409 359 506 378 597 402 421 591 196 472 564 591 199 395 354 562 463 504 244 163 477 508 326 471 281 243 424 520 353 419 190 445 549 139 383 185 382 390 405 449 138 338 510 393 495 215 497 218 550 150 298 444 593 354 418 444 479 560 339 328 523 641 340 533 251 465 476 472 464 388 522 250 449 293 471 351 294 245 439 458 451 147 565 485 468 461 537 447 259 430 326 396 467 422 501 406 457 286 414 552 638 494 
640 314 128 556 434 439 253 508 777 609 179 395 424 167 309 468 797 567 382 739 361 755 374 538 491 181 0 392 159 183 440 224 273 426 175 734 689 357 225 736 338 536 493 609 916 750 785 467 552 166 218 527 535 736 148 133 563 527 238 426 190 792 802 560 772 674 807 714 38 413 186 630 287 527 498 297 190 809 74 331 428 510 48 591 817 211 341 395 588 540 688 559 771 526 574 766 200 589 564 691 368 574 332 426 533 404 366 344 497 648 467 574 135 401 502 685 521 328 43 454 386 155 505 365 462 253 582 607 261 500 691 512 536 386 598 248 702 233 162 605 672 341 561 621 551 653 511 440 590 781 520 652 153 295 572 524 633 226 701 381 420 112 305 377 155 346 618 636 588 321 746 466 646 643 712 466 438 610 507 227 333 595 667 277 639 264 595 526 817 576 
924 696 452 669 826 215 175 554 958 988 567 724 277 452 656 805 1022 952 773 1038 192 878 213 922 866 487 392 0 406 217 641 576 632 641 378 651 660 430 353 843 196 925 885 541 1193 877 1057 394 940 226 196 892 515 1056 434 525 380 728 630 806 565 983 1112 457 791 531 1103 706 430 799 525 790 653 595 564 689 401 728 372 644 820 887 346 950 1009 480 287 783 777 759 897 793 898 547 904 906 591 573 952 603 679 761 720 146 921 21 726 621 888 995 550 528 483 727 887 784 665 681 350 845 250 540 530 609 414 569 755 929 434 627 930 877 928 578 542 309 751 384 233 704 541 207 904 793 938 558 675 473 455 783 785 624 532 265 951 385 929 501 878 736 802 382 248 282 502 718 807 901 938 624 935 204 909 849 851 286 652 797 726 265 123 884 773 136 848 224 797 905 1061 961 
783 411 286 714 478 369 329 659 935 594 222 531 528 326 253 596 950 566 412 876 447 914 467 538 585 338 159 406 0 199 600 361 236 584 35 871 834 505 93 895 428 552 537 745 1057 909 929 594 562 216 296 631 677 864 35 227 669 685 288 517 311 949 933 686 925 796 944 862 169 423 130 790 261 681 651 337 346 948 228 477 482 493 173 697 974 76 458 468 747 697 844 714 930 674 701 926 283 734 572 825 512 732 353 383 601 410 483 498 528 763 621 713 106 538 578 843 680 279 172 481 299 269 653 523 594 162 741 738 417 658 843 617 580 545 736 379 857 383 194 763 796 435 680 781 618 785 670 587 710 932 670 797 176 204 657 640 773 97 860 503 418 49 221 489 117 453 777 784 702 470 903 540 795 799 871 566 597 768 664 154 306 738 825 271 796 365 753 513 967 651 
787 497 276 618 614 267 140 534 879 770 352 559 345 293 441 636 920 734 558 894 257 830 278 705 673 322 183 217 199 0 541 394 416 533 178 710 689 381 176 802 240 709 673 586 1064 826 929 430 723 42 114 706 530 900 221 316 484 632 417 609 370 900 962 517 798 620 962 725 221 583 310 719 436 566 534 475 269 789 189 485 610 670 143 768 925 275 291 579 689 654 801 682 848 541 740 849 383 590 735 663 522 674 504 245 717 226 542 480 675 822 508 559 266 563 686 746 597 465 146 630 231 338 520 484 436 358 675 770 329 566 819 691 717 479 580 239 740 281 24 663 623 249 732 716 734 620 597 454 534 800 656 651 316 162 755 461 786 296 800 555 585 167 162 314 285 527 720 775 762 469 851 343 784 754 793 378 546 711 620 107 150 744 731 93 751 191 703 688 949 760 
303 390 314 158 559 797 472 222 339 803 487 243 440 273 655 297 382 745 566 419 472 320 460 721 446 264 440 641 600 541 0 290 614 24 615 476 389 225 660 308 457 685 590 389 556 314 421 360 709 500 465 424 307 459 584 424 500 90 482 430 350 358 500 411 400 507 479 383 433 619 583 190 607 199 195 514 273 526 379 198 533 735 439 450 384 641 372 470 149 117 260 153 334 256 350 327 424 322 721 453 195 134 560 753 550 662 324 137 625 453 170 350 544 236 509 267 105 659 439 609 773 382 247 87 332 649 141 353 214 115 289 416 616 63 371 333 319 265 519 203 492 448 377 181 562 440 80 239 456 424 167 366 507 700 519 440 318 652 262 309 646 553 702 398 557 359 180 268 416 183 310 551 274 213 274 472 21 171 85 634 665 272 247 606 211 417 161 736 420 557 
422 141 123 440 312 659 407 448 596 543 200 172 503 133 365 244 595 489 296 517 478 607 481 462 293 99 224 576 361 394 290 0 324 268 387 707 637 337 442 598 455 438 360 594 696 600 567 491 460 364 380 316 508 512 335 146 621 358 193 238 61 606 578 575 681 690 585 646 197 346 307 474 317 448 428 230 202 772 207 118 293 462 252 376 629 381 411 238 420 360 499 368 618 477 349 608 133 548 472 672 151 407 277 639 363 592 150 158 383 427 394 553 278 178 325 557 392 369 249 354 610 100 459 203 473 369 424 383 229 387 487 301 397 260 579 317 601 248 370 489 682 453 338 459 380 645 370 410 616 700 314 606 227 520 378 568 412 387 529 162 369 324 529 450 286 147 447 425 368 118 563 584 435 458 558 546 279 440 331 451 543 377 538 483 453 384 418 468 608 395 
704 283 335 758 270 603 521 744 915 358 128 454 698 380 41 493 898 330 198 773 633 931 648 302 424 368 273 632 236 416 614 324 0 592 271 989 933 605 322 922 611 320 325 867 958 924 843 733 328 417 486 482 786 741 203 196 836 682 142 359 264 922 814 826 994 942 836 949 246 195 107 798 27 753 728 152 435 1061 338 435 284 257 319 546 942 181 613 295 743 681 814 685 943 768 586 932 191 836 338 948 460 731 141 620 407 639 375 482 306 621 694 829 150 462 395 879 713 54 315 259 529 232 747 527 725 97 748 628 496 703 791 469 365 577 854 517 917 485 403 808 938 615 553 783 422 913 693 688 858 1010 623 898 124 437 478 795 684 168 850 399 184 250 456 650 130 333 769 720 564 440 881 736 731 777 883 739 603 763 654 390 541 660 860 500 772 538 739 277 900 460 
293 366 298 183 535 792 470 243 351 778 466 218 449 259 633 274 387 721 542 410 476 340 466 696 422 247 426 641 584 533 24 268 592 0 601 499 413 233 647 330 460 660 566 410 553 333 417 374 684 492 462 402 327 447 568 404 515 101 460 406 328 368 490 428 425 527 471 407 417 595 564 209 585 222 216 490 264 550 366 174 508 710 427 429 394 624 377 445 162 121 268 152 353 277 331 345 402 344 696 475 171 148 536 750 526 662 299 113 600 435 190 370 526 212 484 290 129 637 426 584 765 362 267 65 347 630 159 337 210 139 289 393 591 64 392 332 344 261 511 228 512 452 357 197 538 461 103 255 474 449 154 389 487 690 496 455 307 634 275 284 622 538 694 405 538 335 192 262 396 159 321 559 269 221 293 483 12 184 87 624 660 260 270 601 218 417 170 712 421 533 
809 443 304 723 514 334 314 663 952 628 256 558 516 342 286 625 971 601 447 903 432 927 452 573 619 356 175 378 35 178 615 387 271 601 0 867 834 508 59 906 414 587 573 741 1084 922 954 588 597 201 282 664 676 893 71 257 657 702 323 550 340 968 962 679 929 787 971 864 192 459 165 804 296 687 656 373 354 944 238 501 518 528 180 730 992 102 451 503 764 716 863 735 943 676 730 940 316 734 608 821 536 749 389 349 637 381 514 518 564 795 627 710 142 565 613 853 692 312 179 517 263 298 655 541 590 193 756 766 425 668 865 649 616 559 733 376 863 388 177 772 788 421 711 796 653 779 684 588 701 935 693 796 211 168 691 630 800 122 877 533 453 63 186 480 153 485 794 808 734 493 921 521 818 818 885 552 614 785 683 121 274 764 836 242 814 355 771 548 990 686 
725 838 654 337 1013 865 573 263 556 1250 865 716 380 611 1029 773 673 1196 1004 828 474 416 450 1169 920 629 734 651 871 710 476 707 989 499 867 0 97 383 884 372 482 1141 1052 125 896 422 787 280 1164 674 596 900 203 890 874 795 279 489 889 899 753 589 907 197 214 140 869 137 751 1054 919 437 993 276 287 935 554 78 661 657 990 1170 702 923 609 939 419 928 481 526 570 565 435 231 815 458 826 160 1176 48 665 475 982 798 1023 670 789 593 1082 916 318 160 869 711 981 336 387 1042 705 1059 886 768 248 540 277 987 448 809 494 362 643 892 1083 466 135 492 243 505 700 316 122 471 848 458 1035 93 420 301 196 185 619 110 865 859 996 265 752 956 503 778 1076 823 850 397 888 818 491 674 886 636 556 453 673 542 428 364 497 485 518 816 749 711 343 713 546 519 512 1176 735 1032 
628 763 597 243 937 870 559 190 462 1177 807 631 383 553 974 684 577 1121 933 731 473 324 449 1095 835 567 689 660 834 689 389 637 933 413 834 97 0 332 857 280 476 1064 974 122 799 330 690 268 1088 650 577 812 159 793 834 737 315 395 824 817 687 495 810 208 142 205 771 52 702 984 870 340 934 193 210 868 502 137 615 577 912 1100 662 832 515 898 401 850 384 431 473 470 344 165 722 366 761 100 1100 103 582 378 915 805 939 681 708 513 1005 822 243 133 821 625 897 240 295 985 664 984 882 706 185 459 255 939 352 714 436 274 546 804 1002 386 118 458 151 456 676 219 184 465 756 361 951 129 328 248 228 125 526 38 811 845 908 282 656 915 406 695 1007 785 838 388 839 740 394 577 794 557 460 474 576 445 333 378 409 388 425 796 746 616 246 705 448 500 415 1105 639 946 
527 476 271 242 650 609 275 155 527 879 482 399 215 228 646 474 595 826 632 644 250 455 236 798 594 249 357 430 505 381 225 337 605 233 508 383 332 0 537 424 237 776 696 262 780 453 646 158 797 340 280 592 180 679 502 412 297 305 508 557 376 553 723 238 421 353 704 357 370 679 538 360 609 184 152 558 171 455 283 322 630 793 331 634 579 566 148 572 348 339 469 377 474 169 551 480 446 232 810 343 344 333 604 556 685 452 449 268 720 654 127 223 489 397 644 367 235 658 333 691 600 387 148 229 137 607 325 563 111 197 510 581 731 169 249 143 359 124 364 284 344 228 569 363 700 311 246 83 279 427 388 296 482 544 678 239 540 583 447 445 698 455 541 172 507 468 377 494 607 298 504 325 499 422 423 250 241 367 309 487 476 493 353 423 422 214 371 802 639 706 
863 503 353 761 571 282 317 692 998 677 315 614 522 388 333 682 1021 651 504 960 433 967 455 624 678 406 225 353 93 176 660 442 322 647 59 884 857 537 0 944 417 641 630 759 1139 963 1008 604 650 209 289 723 698 951 129 316 660 748 382 610 397 1015 1019 692 958 796 1027 889 246 513 219 847 348 719 688 431 393 962 280 555 576 577 220 789 1040 143 465 562 809 763 911 784 984 703 787 982 375 757 660 837 591 794 445 304 695 353 572 569 620 853 659 730 200 621 672 890 732 360 220 573 208 356 682 588 608 236 800 824 462 706 916 708 673 602 752 400 895 421 184 808 799 425 769 840 712 794 726 615 711 963 745 819 270 116 750 638 855 161 922 591 506 118 135 490 210 544 839 861 792 545 968 513 871 866 926 555 659 830 730 87 239 818 873 219 862 365 817 598 1042 745 
410 686 615 184 845 1032 699 289 185 1087 796 517 580 571 964 540 306 1029 862 492 651 44 632 1007 698 567 736 843 895 802 308 598 922 330 906 372 280 424 944 0 646 966 866 375 529 50 433 464 990 760 705 658 346 564 883 732 563 248 789 703 658 217 565 449 177 482 520 235 734 916 889 134 915 247 278 817 551 375 668 497 817 1029 726 658 236 943 556 755 197 265 224 286 64 301 539 85 732 305 1001 383 484 203 862 977 806 864 607 441 905 627 297 358 848 508 768 58 215 967 726 897 1024 691 315 395 438 957 180 518 481 238 302 655 885 352 361 566 129 524 783 140 461 635 582 156 814 403 229 369 483 212 358 291 815 965 754 515 443 955 148 587 944 846 964 562 862 648 184 357 615 486 190 691 352 217 67 593 319 185 281 905 900 415 71 847 222 638 217 1028 369 799 
751 592 339 472 746 395 100 357 763 943 513 578 105 322 644 659 832 899 706 867 23 681 38 869 747 357 338 196 428 240 457 455 611 460 414 482 476 237 417 646 0 861 801 363 1013 680 878 208 879 213 132 761 325 893 443 454 243 541 564 694 464 790 944 285 601 381 930 519 370 744 515 596 625 398 367 623 256 560 285 496 734 847 292 813 816 503 91 687 586 573 707 610 701 352 751 710 511 384 891 434 527 570 663 334 818 218 600 460 814 848 354 343 465 579 780 588 471 665 296 776 405 452 335 437 223 575 562 770 265 432 745 747 842 396 360 142 557 221 236 507 386 11 758 600 835 389 484 277 297 596 611 439 492 377 833 223 760 524 684 604 754 386 367 89 485 602 615 723 794 473 741 131 729 660 655 138 470 605 542 340 270 713 576 231 659 75 608 861 875 851 
628 302 528 843 127 921 786 878 896 122 358 450 927 559 320 433 837 65 154 649 884 960 893 54 284 530 536 925 552 709 685 438 320 660 587 1141 1064 776 641 966 861 0 101 1031 820 951 737 928 24 700 753 341 944 591 517 408 1054 720 298 263 405 891 659 1013 1085 1129 699 1066 499 128 422 832 293 871 855 239 628 1201 576 488 152 115 584 383 906 502 835 215 769 701 794 685 965 909 479 947 349 980 35 1108 490 763 204 932 191 935 362 552 61 458 822 990 452 458 215 939 790 294 580 85 849 409 892 607 911 415 787 519 666 797 744 337 102 678 1015 737 1004 679 692 888 1120 861 432 811 194 1082 761 848 1053 1109 612 1036 393 755 274 1003 598 488 853 380 136 556 773 875 436 326 786 666 420 507 863 992 676 771 910 971 667 783 686 704 848 596 920 800 766 785 753 96 816 232 
527 219 462 748 59 904 735 789 794 224 324 352 860 488 337 331 736 166 127 553 824 860 831 150 183 457 493 885 537 673 590 360 325 566 573 1052 974 696 630 866 801 101 0 946 726 851 639 851 125 659 703 242 859 498 502 360 981 621 257 163 338 790 568 934 989 1048 604 972 455 140 412 732 297 780 766 201 559 1111 522 396 68 197 539 288 804 500 768 124 669 601 692 584 864 821 379 846 294 893 135 1021 395 663 186 907 100 897 266 460 44 365 734 905 431 360 116 841 694 315 535 73 836 350 805 515 833 422 688 419 589 704 642 236 43 587 930 671 907 607 654 791 1038 801 333 711 110 997 665 764 975 1014 511 946 365 740 185 928 497 490 752 282 167 532 757 808 420 234 685 564 323 416 761 932 574 670 810 904 572 682 587 683 818 494 822 766 664 726 652 185 716 150 
666 729 533 277 904 752 451 167 545 1138 744 621 264 491 906 684 651 1084 891 777 357 418 333 1056 825 511 609 541 745 586 389 594 867 410 741 125 122 262 759 375 363 1031 946 0 868 422 748 156 1053 550 472 811 87 831 748 674 195 423 770 797 637 577 858 86 262 121 825 172 627 940 794 400 872 197 194 819 431 203 536 555 882 1055 577 840 600 813 295 822 429 462 535 503 439 133 738 458 708 76 1066 81 567 420 866 687 923 561 688 493 974 842 220 41 744 616 882 324 318 920 579 948 768 649 144 441 151 862 397 738 374 284 602 801 978 367 18 366 251 381 575 275 103 352 767 417 937 51 349 183 110 247 547 91 742 737 903 160 690 831 479 678 960 697 729 276 763 713 447 620 806 533 537 353 621 500 415 257 411 439 447 693 632 646 324 594 502 395 460 1062 709 937 
276 676 794 595 744 1330 1020 724 344 934 865 526 991 770 991 468 223 882 801 185 1028 489 1017 873 554 744 916 1193 1057 1064 556 696 958 553 1084 896 799 780 1139 529 1013 820 726 868 0 480 136 898 840 1026 1008 491 809 228 1030 834 1028 477 819 607 746 313 161 922 706 987 123 760 893 844 985 468 937 683 700 808 801 904 879 585 717 924 935 438 299 1069 928 677 446 441 332 403 474 753 371 447 790 791 846 898 548 459 836 1295 629 1214 586 584 770 362 693 839 967 519 612 560 568 980 933 791 1293 789 755 586 869 1035 477 329 759 608 273 501 717 617 851 884 653 810 1040 593 967 1005 407 451 625 907 544 776 964 741 409 801 905 1208 545 971 283 1071 393 563 876 1021 1215 953 970 626 423 292 406 597 340 1105 284 371 468 1020 543 432 471 1140 1202 321 553 1141 370 969 418 911 160 589 
376 679 626 210 832 1062 729 326 136 1073 799 505 620 583 965 521 258 1015 854 451 687 10 668 994 678 577 750 877 909 826 314 600 924 333 922 422 330 453 963 50 680 951 851 422 480 0 388 504 975 784 732 635 389 525 896 738 608 242 789 687 660 168 522 494 225 531 475 285 745 907 897 125 916 283 313 813 569 424 684 493 803 1018 743 631 186 954 589 742 184 252 186 266 21 341 511 36 733 351 986 433 476 194 857 1009 786 899 596 441 890 595 327 404 858 496 749 99 230 967 743 884 1051 695 353 398 478 963 175 487 501 260 262 633 867 363 408 593 179 546 806 173 510 670 556 143 793 451 239 404 530 260 339 340 821 989 730 558 410 965 110 575 936 862 989 598 871 638 165 323 587 485 144 731 317 187 41 634 321 168 273 927 930 385 105 875 193 668 198 1016 322 775 
145 560 661 472 648 1195 884 598 260 856 743 399 859 636 878 350 142 802 699 92 893 398 882 789 459 610 785 1057 929 929 421 567 843 417 954 787 690 646 1008 433 878 737 639 748 136 388 0 768 759 890 872 398 684 168 903 708 901 345 702 504 620 235 138 797 610 868 87 655 762 745 862 351 824 558 573 697 666 803 745 453 619 835 802 356 231 944 793 573 320 308 217 268 387 628 265 360 668 672 767 785 417 332 728 1159 547 1078 467 449 683 288 564 717 842 392 523 454 440 869 800 698 1159 662 629 450 739 915 352 222 623 480 146 405 637 482 731 748 549 674 905 475 850 870 308 332 547 791 415 646 841 645 273 687 782 1075 468 843 158 947 287 444 777 891 1082 819 846 509 301 156 317 464 244 971 148 248 367 889 407 309 337 1006 1067 190 445 1006 246 833 290 824 90 514 
662 632 409 312 804 601 294 181 607 1028 616 557 119 371 772 630 695 977 781 778 205 503 181 948 753 398 467 394 594 430 360 491 733 374 588 280 268 158 604 464 208 928 851 156 898 504 768 0 949 394 316 750 122 820 600 548 141 424 651 715 524 636 859 92 396 208 834 311 489 827 653 443 741 225 201 704 305 358 396 481 785 939 430 790 662 665 138 728 452 462 571 503 524 163 703 537 590 178 962 233 502 439 749 538 843 415 608 426 874 806 204 135 602 554 802 406 330 788 433 843 613 529 151 382 29 720 423 711 262 289 625 739 887 316 153 219 360 253 420 334 205 197 723 454 858 191 353 122 126 389 528 231 608 580 837 81 679 683 531 604 844 547 572 120 622 626 477 623 761 457 591 226 627 528 486 130 380 468 437 536 478 633 399 438 529 238 480 949 747 865 
651 325 547 867 150 931 803 901 920 98 373 474 947 579 325 457 860 42 172 671 902 984 911 39 307 551 552 940 562 723 709 460 328 684 597 1164 1088 797 650 990 879 24 125 1053 840 975 759 949 0 715 770 364 966 612 527 426 1074 744 315 288 426 915 680 1035 1109 1151 720 1089 515 140 432 856 302 895 879 256 649 1224 594 512 176 104 600 404 929 510 855 239 793 725 818 709 990 932 502 971 368 1003 12 1130 514 787 219 944 212 949 386 576 85 479 846 1012 464 482 238 964 814 299 596 106 858 428 915 630 933 421 811 542 688 821 767 360 123 701 1038 757 1028 699 706 912 1142 880 455 835 215 1104 785 870 1075 1133 636 1059 407 765 295 1023 621 495 877 404 144 568 783 895 448 349 810 689 442 531 886 1010 699 795 934 991 691 807 710 715 860 619 944 813 790 803 777 83 839 252 
750 474 243 576 600 304 113 493 837 767 342 525 316 256 446 604 879 729 547 858 232 787 251 699 648 287 166 226 216 42 500 364 417 492 201 674 650 340 209 760 213 700 659 550 1026 784 890 394 715 0 81 678 491 865 233 299 456 590 404 585 344 858 927 483 757 588 925 685 204 575 314 677 436 524 492 463 228 753 157 450 594 667 120 740 884 292 255 559 648 613 760 641 806 501 707 807 365 551 727 627 486 632 495 275 697 238 514 442 662 791 466 522 267 529 664 704 555 469 124 619 272 316 480 444 399 368 633 736 287 524 778 664 702 437 543 197 698 238 25 621 590 220 701 673 714 585 555 413 502 760 617 612 309 205 731 430 749 312 758 526 579 176 204 281 287 501 679 736 731 433 809 325 745 713 751 351 505 669 579 147 180 706 689 119 710 156 662 684 909 738 
735 505 257 522 645 332 34 428 796 828 397 528 234 256 517 609 848 786 598 847 152 735 171 756 672 290 218 196 296 114 465 380 486 462 282 596 577 280 289 705 132 753 703 472 1008 732 872 316 770 81 0 696 419 862 311 345 374 555 455 613 374 819 920 403 689 507 913 614 254 631 386 632 502 463 431 514 208 675 182 449 636 729 170 754 845 371 177 596 609 582 726 613 754 433 709 758 408 479 782 549 484 593 550 288 732 213 531 429 711 799 408 446 337 531 697 648 507 539 174 670 319 353 412 422 323 444 591 734 251 473 751 682 745 401 467 139 634 200 106 564 510 139 708 631 749 506 511 347 421 689 598 539 371 268 757 349 738 391 716 540 638 254 263 201 358 525 640 716 741 429 770 250 724 678 701 270 473 630 548 220 200 694 633 143 676 77 626 744 883 770 
288 220 439 572 252 966 721 644 563 462 414 193 792 443 510 127 496 406 310 313 782 645 782 392 62 407 527 892 631 706 424 316 482 402 664 900 812 592 723 658 761 341 242 811 491 635 398 750 364 678 696 0 725 265 599 408 890 427 355 122 337 555 338 819 801 924 368 801 493 352 532 526 458 624 618 329 505 948 522 271 225 437 563 66 568 622 703 189 463 399 464 372 647 678 138 625 347 746 372 877 248 461 349 951 156 908 165 324 286 139 590 770 528 196 126 642 518 496 559 300 911 373 667 371 726 569 488 177 506 538 407 14 243 444 793 619 720 542 683 608 911 757 91 503 160 862 485 642 863 829 301 791 459 816 97 831 257 619 530 157 384 608 829 740 525 180 473 329 85 295 531 885 339 449 596 833 403 473 393 750 856 259 624 797 443 693 441 426 475 140 
